#Value Mean_Perm Std_dev_Perm
0.1, 3.46550300882245e-05, 3.4936964275493267e-06
0.12222222222222223, 8.385403098001487e-05, 8.437347881199215e-06
0.14444444444444443, 0.00017480696749266165, 1.7530750916418134e-05
0.16666666666666666, 0.0003285769277810852, 3.330978083316457e-05
0.18888888888888888, 0.0005688842490015255, 5.728863306142404e-05
0.2111111111111111, 0.0009307261504393803, 9.421524818777172e-05
0.2333333333333333, 0.001443876906115614, 0.00014783422719137875
0.25555555555555554, 0.0021539267717602074, 0.00021555716238436085
0.2777777777777778, 0.0031044476468321727, 0.0003101042780094816
0.3, 0.004366665618781372, 0.00044912708865897037
0.1, 3.46671528870763e-05, 3.517773222563016e-06
0.12222222222222223, 8.38257988591353e-05, 8.359473606824862e-06
0.14444444444444443, 0.00017477580683526403, 1.7691576550302635e-05
0.16666666666666666, 0.0003287969104271929, 3.3371501300914174e-05
0.18888888888888888, 0.0005706481540552335, 5.8502680860020744e-05
0.2111111111111111, 0.0009290415520999, 9.474834898590861e-05
0.2333333333333333, 0.0014414403767558112, 0.00014625308019578992
0.25555555555555554, 0.0021539653248151052, 0.00021715958500955317
0.2777777777777778, 0.003105592419725549, 0.00031348721348253605
0.3, 0.004363009637572071, 0.0004457725656243789
0.1, 3.472375553480347e-05, 3.5218147270275087e-06
0.12222222222222223, 8.397658275586353e-05, 8.524511772196988e-06
0.14444444444444443, 0.00017511016355473288, 1.7700720617102204e-05
0.16666666666666666, 0.00032838396115931356, 3.30741524632386e-05
0.18888888888888888, 0.0005700606749579602, 5.748633488977185e-05
0.2111111111111111, 0.0009319261143696909, 9.478628750102332e-05
0.2333333333333333, 0.0014440786543181397, 0.00014635211631637096
0.25555555555555554, 0.0021489596198248856, 0.00021727533355274712
0.2777777777777778, 0.0031055425303939226, 0.0003157981585990502
0.3, 0.00435627917270932, 0.00043705824798949465
0.1, 3.470524104874053e-05, 3.5658191875701655e-06
0.12222222222222223, 8.387683305716602e-05, 8.482679628341416e-06
0.14444444444444443, 0.00017525804632842175, 1.7753536335715326e-05
0.16666666666666666, 0.0003282305245325425, 3.34370652127905e-05
0.18888888888888888, 0.0005698211159018762, 5.765436525573418e-05
0.2111111111111111, 0.0009286182520765191, 9.391736727138192e-05
0.2333333333333333, 0.0014427939179000322, 0.00014598121720754971
0.25555555555555554, 0.0021525892065666595, 0.000218806200808455
0.2777777777777778, 0.0031048261061395075, 0.00030753601198141707
0.3, 0.004360208185599849, 0.0004404352245447056
0.1, 3.470289340874769e-05, 3.511362241568069e-06
0.12222222222222223, 8.392271145885885e-05, 8.49963090463179e-06
0.14444444444444443, 0.00017477778894212356, 1.756472124268416e-05
0.16666666666666666, 0.00032905439480731657, 3.350921123589284e-05
0.18888888888888888, 0.0005698015926480252, 5.7731940533263725e-05
0.2111111111111111, 0.0009295972265132261, 9.437458790222082e-05
0.2333333333333333, 0.001444957803499257, 0.000146364768856482
0.25555555555555554, 0.002155923343322853, 0.0002201417417533375
0.2777777777777778, 0.003112275353247785, 0.00031278208588528516
0.3, 0.0043595367511310695, 0.0004399396232850885
0.1, 3.465453053653505e-05, 3.5091325893741115e-06
0.12222222222222223, 8.391906613284357e-05, 8.469256887478298e-06
0.14444444444444443, 0.00017490733717695167, 1.773451002203699e-05
0.16666666666666666, 0.0003285111212638467, 3.3308594878755285e-05
0.18888888888888888, 0.000570273666314892, 5.796145130459597e-05
0.2111111111111111, 0.000929459290801297, 9.378150494863334e-05
0.2333333333333333, 0.0014449231125792145, 0.00014613313130836016
0.25555555555555554, 0.0021516379352811677, 0.00021557952915179262
0.2777777777777778, 0.003107032514046312, 0.0003152730386955326
0.3, 0.004362754801006426, 0.0004423283241310047
0.1, 3.469549524030772e-05, 3.5073004720441807e-06
0.12222222222222223, 8.381440516091318e-05, 8.462169630355984e-06
0.14444444444444443, 0.0001750465910260991, 1.7653438355578238e-05
0.16666666666666666, 0.00032817707024864373, 3.298013188104777e-05
0.18888888888888888, 0.0005685752560460957, 5.797446545254168e-05
0.2111111111111111, 0.0009294173681468105, 9.586846137066738e-05
0.2333333333333333, 0.0014455539577677633, 0.00014624620999697952
0.25555555555555554, 0.0021577180251985207, 0.0002189702280550491
0.2777777777777778, 0.0031103399171703225, 0.0003151853832118434
0.3, 0.00435442515465687, 0.00043500033197739767
0.1, 3.469394207705773e-05, 3.538184632413625e-06
0.12222222222222223, 8.381216214434637e-05, 8.356280539135609e-06
0.14444444444444443, 0.00017472832949266685, 1.7670597414561504e-05
0.16666666666666666, 0.00032889198937453336, 3.365402131129146e-05
0.18888888888888888, 0.0005703517476818952, 5.802780033040956e-05
0.2111111111111111, 0.000928470035413202, 9.37975669553926e-05
0.2333333333333333, 0.001442504069815502, 0.00014696114621680971
0.25555555555555554, 0.0021557129103122316, 0.0002230037295437478
0.2777777777777778, 0.003109101156921883, 0.00031838382806020926
0.3, 0.004361954349138175, 0.00043784665367500874
0.1, 3.47843213222032e-05, 3.567039305126691e-06
0.12222222222222223, 8.399950639212817e-05, 8.613446853851605e-06
0.14444444444444443, 0.0001752079454390684, 1.757906102990233e-05
0.16666666666666666, 0.0003277179124968838, 3.311355992476512e-05
0.18888888888888888, 0.0005695826321886348, 5.7607339341755805e-05
0.2111111111111111, 0.0009295500302238441, 9.440100719544217e-05
0.2333333333333333, 0.001442060172523533, 0.0001463910795280506
0.25555555555555554, 0.002154678528990185, 0.0002201372660243031
0.2777777777777778, 0.00311110340393939, 0.00031213794379965706
0.3, 0.004356536975908844, 0.00044309156199209365
0.1, 3.468013972884189e-05, 3.471759380234108e-06
0.12222222222222223, 8.386698800027096e-05, 8.399308705204083e-06
0.14444444444444443, 0.0001749556052300741, 1.768085865756243e-05
0.16666666666666666, 0.00032810768639881453, 3.384288437172746e-05
0.18888888888888888, 0.0005699514529330493, 5.836262974718307e-05
0.2111111111111111, 0.0009288901503244741, 9.383819587201199e-05
0.2333333333333333, 0.0014438799657702083, 0.0001452829998626211
0.25555555555555554, 0.0021525136506934245, 0.00021834037273394497
0.2777777777777778, 0.0031032752624071207, 0.0003106018584543772
0.3, 0.004367719419646164, 0.0004408992095912706
