#Value Mean_Perm Std_dev_Perm
0.06, 0.045100380163022064, 0.0030561108891295316
0.108, 0.598158716939879, 0.04029145623184889
0.156, 3.019683136651667, 0.20423020966968256
0.20400000000000001, 9.821794200855965, 0.6562941664307776
0.252, 24.88801776956363, 1.657607959574929
0.3, 53.58869030571343, 3.5779097498231613
0.06, 0.04503791405768276, 0.003021265033256254
0.108, 0.5986212218036979, 0.03974771711067878
0.156, 3.0177588188719797, 0.19923375569524857
0.20400000000000001, 9.830064420333926, 0.6621594534648376
0.252, 24.875746896250043, 1.6670855373056142
0.3, 53.59650142698955, 3.5643716754803205
0.06, 0.04507043403480074, 0.0030131210758093593
0.108, 0.5981248554636076, 0.04057739363557819
0.156, 3.0161932128233566, 0.20226125140425885
0.20400000000000001, 9.816846303328894, 0.6586851324670913
0.252, 24.896442491131243, 1.660809447440299
0.3, 53.57996427347669, 3.619546456057261
0.06, 0.0450464475888063, 0.0030142555266687203
0.108, 0.5982822132493091, 0.04032441821571488
0.156, 3.0226070437206967, 0.20424987134363773
0.20400000000000001, 9.822264638762519, 0.6553138036650541
0.252, 24.90190256304887, 1.6888769446673315
0.3, 53.67901657957135, 3.6262130733148576
0.06, 0.04503052490890827, 0.003023276995788398
0.108, 0.5985097345126544, 0.04007871684547819
0.156, 3.010326792099902, 0.20125091067793652
0.20400000000000001, 9.831702347219696, 0.6617827466402351
0.252, 24.87794018112303, 1.6602161150437462
0.3, 53.59992793567806, 3.559882972717549
0.06, 0.0450110741430201, 0.0029872905143765558
0.108, 0.5986819863262167, 0.040448740822823084
0.156, 3.0147505001457917, 0.20287866476864586
0.20400000000000001, 9.822908096621711, 0.6666019402783634
0.252, 24.888986842520634, 1.6749930536557005
0.3, 53.72916329355716, 3.640336201014439
0.06, 0.04509313801205401, 0.0030456757879494395
0.108, 0.5982355472528172, 0.040083898037908954
0.156, 3.0173002710734727, 0.20410846882046607
0.20400000000000001, 9.8272687114914, 0.6675531229779399
0.252, 24.912779824564495, 1.6881210070399293
0.3, 53.588872230877726, 3.6082912660320425
0.06, 0.045103505530650366, 0.003043353231230311
0.108, 0.5982183911788376, 0.04019052999600083
0.156, 3.0191794016079276, 0.20532336213377403
0.20400000000000001, 9.827925868194137, 0.6644877423823352
0.252, 24.884587084471104, 1.6688403475343725
0.3, 53.68377220822426, 3.636225991087488
0.06, 0.04509092354197689, 0.002999736667152499
0.108, 0.5989688375875228, 0.03985413468020477
0.156, 3.017537479977997, 0.20239194241180916
0.20400000000000001, 9.830046011732621, 0.6581463713278263
0.252, 24.8690280220957, 1.6789378505601156
0.3, 53.6484734075541, 3.6034250681985123
0.06, 0.04503658462843723, 0.0030379064379717833
0.108, 0.5986708748750168, 0.04049063089942488
0.156, 3.022060336378673, 0.2033737297286307
0.20400000000000001, 9.824377718057837, 0.6445222795596605
0.252, 24.903251578240287, 1.6700766358330592
0.3, 53.609742675704325, 3.5746386950338507
0.06, 0.045024249930913904, 0.003028488917817643
0.108, 0.5978895461809027, 0.040595270589322455
0.156, 3.0193618165356146, 0.20125225005782996
0.20400000000000001, 9.831164648775797, 0.6573472772896477
0.252, 24.897102005337338, 1.670192268831324
0.3, 53.6470074843579, 3.585298635516231
0.06, 0.045065874290981696, 0.0030350638362579975
0.108, 0.5974658732112473, 0.04032044596645035
0.156, 3.0187402931642646, 0.20190714587232003
0.20400000000000001, 9.828596984497771, 0.6622060744168894
0.252, 24.893559776228702, 1.6752034824894857
0.3, 53.582618972420526, 3.6169235092430005
0.06, 0.04505303884869846, 0.0030026815626082743
0.108, 0.5984193081115975, 0.040286665853946906
0.156, 3.0169299436784875, 0.20037733489593054
0.20400000000000001, 9.821751283936871, 0.6544097410480609
0.252, 24.898096168155856, 1.6333324361916788
0.3, 53.534517216673, 3.6183129996414016
0.06, 0.04507234432718718, 0.0030639851665350566
0.108, 0.5982091592915274, 0.03960453825577773
0.156, 3.0188313533327613, 0.20164840069105572
0.20400000000000001, 9.821611605158393, 0.6607445991632254
0.252, 24.91072036678511, 1.675889363871574
0.3, 53.601557112778714, 3.5692903617228113
0.06, 0.04510327935761552, 0.0030133112133473436
0.108, 0.5988465918637421, 0.04006028915803408
0.156, 3.02012096595786, 0.2029101303093314
0.20400000000000001, 9.82564296883549, 0.6532546178272074
0.252, 24.87201038992197, 1.66083395612237
0.3, 53.62032658043769, 3.616349422560048
0.06, 0.04509241457225979, 0.0030143271963952974
0.108, 0.5981573507160338, 0.039803893725859914
0.156, 3.013868235187957, 0.2037894226286377
0.20400000000000001, 9.825862471944744, 0.6564545303156988
0.252, 24.889988227196355, 1.6617648687416349
0.3, 53.61821466209055, 3.581375243935165
0.06, 0.04507068909517822, 0.0030545286553459463
0.108, 0.5986066334787592, 0.04087990632706594
0.156, 3.018291814560813, 0.203731686140098
0.20400000000000001, 9.820238778286553, 0.6587242569003756
0.252, 24.937543907427436, 1.700049351804035
0.3, 53.61902766360244, 3.5720522009174607
0.06, 0.045061096126543354, 0.0030012257800501774
0.108, 0.5986544129204514, 0.040436607018120706
0.156, 3.0190678037681775, 0.20208993498534394
0.20400000000000001, 9.821836398527012, 0.6492025347348963
0.252, 24.879164307773102, 1.6405202697074044
0.3, 53.616293299581066, 3.5516044265819233
0.06, 0.045063691502285196, 0.0030401751104626403
0.108, 0.5989259302927701, 0.040123731053647055
0.156, 3.018468954760997, 0.20199163949896895
0.20400000000000001, 9.827162733631104, 0.6649323426257355
0.252, 24.926585409568336, 1.685298014799764
0.3, 53.664037976930175, 3.595482668330948
0.06, 0.04506631759234722, 0.002979974937222263
0.108, 0.598024534433573, 0.039964974281041024
0.156, 3.0194850315854955, 0.2014462633436083
0.20400000000000001, 9.821787071180362, 0.6638128521100397
0.252, 24.87634396626535, 1.6672124915848012
0.3, 53.60912806868226, 3.6196752391140556
0.06, 0.04505265136515344, 0.0030173275917212074
0.108, 0.5986147738189951, 0.03991533014236814
0.156, 3.0173812637005533, 0.2046102384299514
0.20400000000000001, 9.82703521163679, 0.6590881044159091
0.252, 24.885648320241703, 1.6746380067535183
0.3, 53.6571002642537, 3.594981906617413
0.06, 0.045048642698794335, 0.0029854756829639814
0.108, 0.5986838942981071, 0.04061290446842688
0.156, 3.0164171016221566, 0.203699828682408
0.20400000000000001, 9.826808822200062, 0.6586347456396247
0.252, 24.895860700403347, 1.6647595047318904
0.3, 53.61155877720496, 3.6277320748702824
0.06, 0.045052742197208145, 0.0029946244513329194
0.108, 0.5980188770470874, 0.04020443855036041
0.156, 3.0173978183167574, 0.20006141044601608
0.20400000000000001, 9.816700070714113, 0.6513128486212075
0.252, 24.880427801096097, 1.6766910913847217
0.3, 53.629994660658596, 3.573541363482407
0.06, 0.04504480364833726, 0.0030016186052986096
0.108, 0.598770741313122, 0.0402496590284437
0.156, 3.0194077964735158, 0.20118242638739509
0.20400000000000001, 9.837832207944764, 0.6688150190616483
0.252, 24.899017480265552, 1.6730788979435254
0.3, 53.583397111635385, 3.6022543575170567
0.06, 0.045089145623185285, 0.0030543841515517263
0.108, 0.5982816619307463, 0.04060155399309414
0.156, 3.0166524866201327, 0.20090058681456494
0.20400000000000001, 9.82147557664793, 0.6619473917981233
0.252, 24.900334061648227, 1.6631256594236112
0.3, 53.58749464496707, 3.583010463769872
