#Tn TN+1 tn tn+1 Lithology
40 50 0
50 60 0
60 70 0
70 80 0
80 90 0
90 100 0
100 110 0
110 120 0
120 130 0
130 140 0
140 150 0
150 160 0
160 170 0
170 180 0
180 190 0

40 50 1
50 60 1
60 70 1
70 80 1
80 90 1
90 100 1
100 110 1
110 120 1
120 130 1
130 140 1
140 150 1
150 160 1
160 170 1
170 180 1
180 190 1

40 50 2
50 60 2
60 70 2
70 80 2
80 90 2
90 100 2
100 110 2
110 120 2
120 130 2
130 140 2
140 150 2
150 160 2
160 170 2
170 180 2
180 190 2

40 50 3
50 60 3
60 70 3
70 80 3
80 90 3
90 100 3
100 110 3
110 120 3
120 130 3
130 140 3
140 150 3
150 160 3
160 170 3
170 180 3
180 190 3

40 50 4
50 60 4
60 70 4
70 80 4
80 90 4
90 100 4
100 110 4
110 120 4
120 130 4
130 140 4
140 150 4
150 160 4
160 170 4
170 180 4
180 190 4


40 50 3.94647 4.50321 5
50 60 4.50321 5.44540 5
60 70 5.44540 7.11563 5
70 80 7.11563 24.97430 5
80 90 24.97430 28.18630 5
90 100 28.18630 31.31263 5
100 110 31.31263 33.02570 5
110 120 33.02570 34.99572 5
120 130 34.99572 35.72377 5
130 140 35.72377 36.32334 5
140 150 36.32334 36.83726 5
150 160 36.83726 37.60814 5
160 170 37.60814 38.59315 5
170 180 38.59315 39.00000 5
180 190 39.00000 39.00000 5


40 50 6
50 60 6
60 70 6
70 80 6
80 90 6
90 100 6
100 110 6
110 120 6
120 130 6
130 140 6
140 150 6
150 160 6
160 170 6
170 180 6
180 190 6