#Tn TN+1 tn tn+1 Lithology
40.0 50.0 37.51432219776909 38.274466320955085 0
50.0 60.0 38.274466320955085 40.0 0
60.0 70.0 40.0 40.0 0
70.0 80.0 40.0 40.0 0
80.0 90.0 40.0 40.0 0
90.0 100.0 40.0 40.0 0
100.0 110.0 40.0 40.0 0
40.0 50.0 34.32990284811414 35.08296502586842 1
50.0 60.0 35.08296502586842 35.93155974792756 1
60.0 70.0 35.93155974792756 36.5296094131104 1
70.0 80.0 36.5296094131104 37.307559650059105 1
80.0 90.0 37.307559650059105 38.01085445795654 1
90.0 100.0 38.01085445795654 40.06060606060606 1
100.0 110.0 40.06060606060606 40.06060606060606 1
40.0 50.0 30.03037634656424 34.122973324588486 2
50.0 60.0 34.122973324588486 34.87451125521612 2
60.0 70.0 34.87451125521612 35.473770258802375 2
70.0 80.0 35.473770258802375 36.253293617771305 2
80.0 90.0 36.253293617771305 36.95801058417769 2
90.0 100.0 36.95801058417769 37.902939172474134 2
100.0 110.0 37.902939172474134 38.30147262076875 2
40.0 50.0 25.607099151988518 31.293474709591308 3
50.0 60.0 31.293474709591308 34.463408428481955 3
60.0 70.0 34.463408428481955 34.47010763876398 3
70.0 80.0 34.47010763876398 35.199497610605306 3
80.0 90.0 35.199497610605306 35.85889220394134 3
90.0 100.0 35.85889220394134 36.7430497195304 3
100.0 110.0 36.7430497195304 37.11595233660389 3
40.0 50.0 6.6048849840565325 7.484079725857249 4
50.0 60.0 7.484079725857249 25.47926136363637 4
60.0 70.0 25.47926136363637 29.202647801544877 4
70.0 80.0 29.202647801544877 32.75314942410532 4
80.0 90.0 32.75314942410532 34.27525636877726 4
90.0 100.0 34.27525636877726 34.87029557994946 4
100.0 110.0 34.87029557994946 35.26430023905891 4
40.0 50.0 3.778591240587275 5.1230644951728905 5
50.0 60.0 5.1230644951728905 8.967503085150145 5
60.0 70.0 8.967503085150145 17.92860734037207 5
70.0 80.0 17.92860734037207 26.236802413273 5
80.0 90.0 26.236802413273 29.504448379128682 5
90.0 100.0 29.504448379128682 32.72506029539278 5
100.0 110.0 32.72506029539278 34.17898441427853 5
40.0 50.0 40.0 40.0 6
50.0 60.0 40.0 40.0 6
60.0 70.0 40.0 40.0 6
70.0 80.0 40.0 40.0 6
80.0 90.0 40.0 40.0 6
90.0 100.0 40.0 40.0 6
100.0 110.0 40.0 40.0 6