#Tn TN+1 tn tn+1 Lithology
60 70 0
70 80 0
80 90 0
90 100 0
100 110 0
110 120 0
120 130 0
130 140 0

60 70 1
70 80 1
80 90 1
90 100 1
100 110 1
110 120 1
120 130 1
130 140 1

60 70 2
70 80 2
80 90 2
90 100 2
100 110 2
110 120 2
120 130 2
130 140 2

60 70 3
70 80 3
80 90 3
90 100 3
100 110 3
110 120 3
120 130 3
130 140 3

60 70 4
70 80 4
80 90 4
90 100 4
100 110 4
110 120 4
120 130 4
130 140 4


60 70 5.44540 7.11563 5
70 80 7.11563 24.97430 5
80 90 24.97430 28.18630 5
90 100 28.18630 31.31263 5
100 110 31.31263 33.02570 5
110 120 33.02570 34.99572 5
120 130 34.99572 35.72377 5
130 140 35.72377 36.32334 5


60 70 6
70 80 6
80 90 6
90 100 6
100 110 6
110 120 6
120 130 6
130 140 6